   0.0000000e+00   0.0000000e+00   0.0000000e+00   0.0000000e+00   0.0000000e+00   0.0000000e+00   0.0000000e+00   0.0000000e+00   0.0000000e+00   0.0000000e+00   0.0000000e+00   0.0000000e+00   0.0000000e+00   0.0000000e+00   0.0000000e+00   0.0000000e+00   3.8178086e-18   9.0487405e-18   1.9347864e-17   3.7421775e-17   6.5334175e-17   1.0319602e-16   1.4669407e-16   1.8941959e-16   2.2067113e-16   2.3119574e-16   2.2067113e-16   1.8941959e-16   1.4669407e-16   1.0319602e-16   6.5334175e-17   3.7421775e-17   1.9347864e-17   9.0487405e-18   3.8178086e-18   0.0000000e+00   0.0000000e+00   0.0000000e+00   0.0000000e+00   0.0000000e+00   0.0000000e+00   0.0000000e+00   0.0000000e+00   0.0000000e+00   0.0000000e+00   0.0000000e+00   0.0000000e+00   0.0000000e+00   0.0000000e+00   0.0000000e+00   0.0000000e+00
   0.0000000e+00   0.0000000e+00   0.0000000e+00   0.0000000e+00   0.0000000e+00   0.0000000e+00   0.0000000e+00   0.0000000e+00   0.0000000e+00   0.0000000e+00   0.0000000e+00   0.0000000e+00   0.0000000e+00   0.0000000e+00   6.0265861e-18   1.7479709e-17   4.5843473e-17   1.0859535e-16   2.3209665e-16   4.4913784e-16   7.8254332e-16   1.2331081e-15   1.7612996e-15   2.2689789e-15   2.6442722e-15   2.8158063e-15   2.6442722e-15   2.2689789e-15   1.7612996e-15   1.2331081e-15   7.8254332e-16   4.4913784e-16   2.3209665e-16   1.0859535e-16   4.5843473e-17   1.7479709e-17   6.0265861e-18   0.0000000e+00   0.0000000e+00   0.0000000e+00   0.0000000e+00   0.0000000e+00   0.0000000e+00   0.0000000e+00   0.0000000e+00   0.0000000e+00   0.0000000e+00   0.0000000e+00   0.0000000e+00   0.0000000e+00   0.0000000e+00
   0.0000000e+00   0.0000000e+00   0.0000000e+00   0.0000000e+00   0.0000000e+00   0.0000000e+00   0.0000000e+00   0.0000000e+00   0.0000000e+00   0.0000000e+00   0.0000000e+00   0.0000000e+00   5.7302973e-18   2.0370824e-17   6.5424615e-17   1.9008723e-16   4.9810558e-16   1.1789439e-15   2.5202973e-15   4.8638797e-15   8.4933179e-15   1.3410777e-14   1.9091920e-14   2.4624501e-14   2.8678534e-14   3.0289493e-14   2.8678534e-14   2.4624501e-14   1.9091920e-14   1.3410777e-14   8.4933179e-15   4.8638797e-15   2.5202973e-15   1.1789439e-15   4.9810558e-16   1.9008723e-16   6.5424615e-17   2.0370824e-17   5.7302973e-18   0.0000000e+00   0.0000000e+00   0.0000000e+00   0.0000000e+00   0.0000000e+00   0.0000000e+00   0.0000000e+00   0.0000000e+00   0.0000000e+00   0.0000000e+00   0.0000000e+00   0.0000000e+00
   0.0000000e+00   0.0000000e+00   0.0000000e+00   0.0000000e+00   0.0000000e+00   0.0000000e+00   0.0000000e+00   0.0000000e+00   0.0000000e+00   0.0000000e+00   3.2812646e-18   1.4292225e-17   5.6234159e-17   2.0015157e-16   6.4389545e-16   1.8655300e-15   4.8856726e-15   1.1563202e-14   2.4711832e-14   4.7705959e-14   8.3295271e-14   1.3151138e-13   1.8733729e-13   2.4150252e-13   2.8128813e-13   2.9798758e-13   2.8128813e-13   2.4150252e-13   1.8733729e-13   1.3151138e-13   8.3295271e-14   4.7705959e-14   2.4711832e-14   1.1563202e-14   4.8856726e-15   1.8655300e-15   6.4389545e-16   2.0015157e-16   5.6234159e-17   1.4292225e-17   3.2812646e-18   0.0000000e+00   0.0000000e+00   0.0000000e+00   0.0000000e+00   0.0000000e+00   0.0000000e+00   0.0000000e+00   0.0000000e+00   0.0000000e+00   0.0000000e+00
   0.0000000e+00   0.0000000e+00   0.0000000e+00   0.0000000e+00   0.0000000e+00   0.0000000e+00   0.0000000e+00   0.0000000e+00   0.0000000e+00   6.0303453e-18   2.9043433e-17   1.2663658e-16   4.9934017e-16   1.7715157e-15   5.7025551e-15   1.6544978e-14   4.3283108e-14   1.0256054e-13   2.1893179e-13   4.2281942e-13   7.3845774e-13   1.1635707e-12   1.6602085e-12   2.1392947e-12   2.4911696e-12   2.6298672e-12   2.4911696e-12   2.1392947e-12   1.6602085e-12   1.1635707e-12   7.3845774e-13   4.2281942e-13   2.1893179e-13   1.0256054e-13   4.3283108e-14   1.6544978e-14   5.7025551e-15   1.7715157e-15   4.9934017e-16   1.2663658e-16   2.9043433e-17   6.0303453e-18   0.0000000e+00   0.0000000e+00   0.0000000e+00   0.0000000e+00   0.0000000e+00   0.0000000e+00   0.0000000e+00   0.0000000e+00   0.0000000e+00
   0.0000000e+00   0.0000000e+00   0.0000000e+00   0.0000000e+00   0.0000000e+00   0.0000000e+00   0.0000000e+00   0.0000000e+00   9.0526164e-18   4.8251790e-17   2.3273769e-16   1.0143792e-15   3.9886507e-15   1.4185145e-14   4.5535761e-14   1.3209102e-13   3.4654021e-13   8.1819368e-13   1.7505605e-12   3.3795909e-12   5.9005659e-12   9.3159689e-12   1.3276172e-11   1.7122720e-11   1.9913924e-11   2.1019376e-11   1.9913924e-11   1.7122720e-11   1.3276172e-11   9.3159689e-12   5.9005659e-12   3.3795909e-12   1.7505605e-12   8.1819368e-13   3.4654021e-13   1.3209102e-13   4.5535761e-14   1.4185145e-14   3.9886507e-15   1.0143792e-15   2.3273769e-16   4.8251790e-17   9.0526164e-18   0.0000000e+00   0.0000000e+00   0.0000000e+00   0.0000000e+00   0.0000000e+00   0.0000000e+00   0.0000000e+00   0.0000000e+00
   0.0000000e+00   0.0000000e+00   0.0000000e+00   0.0000000e+00   0.0000000e+00   0.0000000e+00   0.0000000e+00   1.1103418e-17   6.5487255e-17   3.4934525e-16   1.6812930e-15   7.3332277e-15   2.8860450e-14   1.0269855e-13   3.2899376e-13   9.5408975e-13   2.4946213e-12   5.9077902e-12   1.2619790e-11   2.4402193e-11   4.2581737e-11   6.7313067e-11   9.5849203e-11   1.2349725e-10   1.4389312e-10   1.5227263e-10   1.4389312e-10   1.2349725e-10   9.5849203e-11   6.7313067e-11   4.2581737e-11   2.4402193e-11   1.2619790e-11   5.9077902e-12   2.4946213e-12   9.5408975e-13   3.2899376e-13   1.0269855e-13   2.8860450e-14   7.3332277e-15   1.6812930e-15   3.4934525e-16   6.5487255e-17   1.1103418e-17   0.0000000e+00   0.0000000e+00   0.0000000e+00   0.0000000e+00   0.0000000e+00   0.0000000e+00   0.0000000e+00
   0.0000000e+00   0.0000000e+00   0.0000000e+00   0.0000000e+00   0.0000000e+00   0.0000000e+00   1.1103418e-17   7.2487444e-17   4.2772658e-16   2.2855107e-15   1.0999207e-14   4.7914091e-14   1.8807206e-13   6.6888183e-13   2.1442336e-12   6.2081210e-12   1.6254153e-11   3.8443811e-11   8.2105959e-11   1.5910486e-10   2.7796214e-10   4.3842430e-10   6.2510856e-10   8.0424629e-10   9.3719634e-10   9.8878063e-10   9.3719634e-10   8.0424629e-10   6.2510856e-10   4.3842430e-10   2.7796214e-10   1.5910486e-10   8.2105959e-11   3.8443811e-11   1.6254153e-11   6.2081210e-12   2.1442336e-12   6.6888183e-13   1.8807206e-13   4.7914091e-14   1.0999207e-14   2.2855107e-15   4.2772658e-16   7.2487444e-17   1.1103418e-17   0.0000000e+00   0.0000000e+00   0.0000000e+00   0.0000000e+00   0.0000000e+00   0.0000000e+00
   0.0000000e+00   0.0000000e+00   0.0000000e+00   0.0000000e+00   0.0000000e+00   9.0526164e-18   6.5487255e-17   4.2772658e-16   2.5330384e-15   1.3490987e-14   6.4939307e-14   2.8281705e-13   1.1104660e-12   3.9386257e-12   1.2643727e-11   3.6550986e-11   9.5599444e-11   2.2614103e-10   4.8322128e-10   9.3425357e-10   1.6340710e-09   2.5783551e-09   3.6785646e-09   4.7401669e-09   5.5151602e-09   5.8536291e-09   5.5151602e-09   4.7401669e-09   3.6785646e-09   2.5783551e-09   1.6340710e-09   9.3425357e-10   4.8322128e-10   2.2614103e-10   9.5599444e-11   3.6550986e-11   1.2643727e-11   3.9386257e-12   1.1104660e-12   2.8281705e-13   6.4939307e-14   1.3490987e-14   2.5330384e-15   4.2772658e-16   6.5487255e-17   9.0526164e-18   0.0000000e+00   0.0000000e+00   0.0000000e+00   0.0000000e+00   0.0000000e+00
   0.0000000e+00   0.0000000e+00   0.0000000e+00   0.0000000e+00   6.0303453e-18   4.8251790e-17   3.4934525e-16   2.2855107e-15   1.3490987e-14   7.1905469e-14   3.4626981e-13   1.5058034e-12   5.9079518e-12   2.0979372e-11   6.7053616e-11   1.9417902e-10   5.0743147e-10   1.2032663e-09   2.5747595e-09   4.9814130e-09   8.7066456e-09   1.3735398e-08   1.9596073e-08   2.5281362e-08   2.9474453e-08   3.1217507e-08   2.9474453e-08   2.5281362e-08   1.9596073e-08   1.3735398e-08   8.7066456e-09   4.9814130e-09   2.5747595e-09   1.2032663e-09   5.0743147e-10   1.9417902e-10   6.7053616e-11   2.0979372e-11   5.9079518e-12   1.5058034e-12   3.4626981e-13   7.1905469e-14   1.3490987e-14   2.2855107e-15   3.4934525e-16   4.8251790e-17   6.0303453e-18   0.0000000e+00   0.0000000e+00   0.0000000e+00   0.0000000e+00
   0.0000000e+00   0.0000000e+00   0.0000000e+00   3.2812646e-18   2.9043433e-17   2.3273769e-16   1.6812930e-15   1.0999207e-14   6.4939307e-14   3.4626981e-13   1.6656298e-12   7.2221717e-12   2.8327705e-11   1.0044392e-10   3.2199866e-10   9.3343114e-10   2.4463512e-09   5.7944119e-09   1.2386175e-08   2.4009718e-08   4.2126707e-08   6.6591712e-08   9.5173260e-08   1.2275899e-07   1.4302464e-07   1.4921881e-07   1.4302464e-07   1.2275899e-07   9.5173260e-08   6.6591712e-08   4.2126707e-08   2.4009718e-08   1.2386175e-08   5.7944119e-09   2.4463512e-09   9.3343114e-10   3.2199866e-10   1.0044392e-10   2.8327705e-11   7.2221717e-12   1.6656298e-12   3.4626981e-13   6.4939307e-14   1.0999207e-14   1.6812930e-15   2.3273769e-16   2.9043433e-17   3.2812646e-18   0.0000000e+00   0.0000000e+00   0.0000000e+00
   0.0000000e+00   0.0000000e+00   0.0000000e+00   1.4292225e-17   1.2663658e-16   1.0143792e-15   7.3332277e-15   4.7914091e-14   2.8281705e-13   1.5058034e-12   7.2221717e-12   3.1337609e-11   1.2292377e-10   4.3622310e-10   1.3975127e-09   4.0567475e-09   1.0674792e-08   2.5280303e-08   5.4321843e-08   1.0544302e-07   1.8522232e-07   2.9280495e-07   4.1942010e-07   5.4142104e-07   6.3218553e-07   6.9543192e-07   6.3218553e-07   5.4142104e-07   4.1942010e-07   2.9280495e-07   1.8522232e-07   1.0544302e-07   5.4321843e-08   2.5280303e-08   1.0674792e-08   4.0567475e-09   1.3975127e-09   4.3622310e-10   1.2292377e-10   3.1337609e-11   7.2221717e-12   1.5058034e-12   2.8281705e-13   4.7914091e-14   7.3332277e-15   1.0143792e-15   1.2663658e-16   1.4292225e-17   0.0000000e+00   0.0000000e+00   0.0000000e+00
   0.0000000e+00   0.0000000e+00   5.7302973e-18   5.6234159e-17   4.9934017e-16   3.9886507e-15   2.8860450e-14   1.8807206e-13   1.1104660e-12   5.9079518e-12   2.8327705e-11   1.2292377e-10   4.8158909e-10   1.7100334e-09   5.4952384e-09   1.5970636e-08   4.2047510e-08   1.0013917e-07   2.1575380e-07   4.2044493e-07   7.3835895e-07   1.1722377e-06   1.6805424e-06   2.1721514e-06   2.5327904e-06   2.8341537e-06   2.5327904e-06   2.1721514e-06   1.6805424e-06   1.1722377e-06   7.3835895e-07   4.2044493e-07   2.1575380e-07   1.0013917e-07   4.2047510e-08   1.5970636e-08   5.4952384e-09   1.7100334e-09   4.8158909e-10   1.2292377e-10   2.8327705e-11   5.9079518e-12   1.1104660e-12   1.8807206e-13   2.8860450e-14   3.9886507e-15   4.9934017e-16   5.6234159e-17   5.7302973e-18   0.0000000e+00   0.0000000e+00
   0.0000000e+00   0.0000000e+00   2.0370824e-17   2.0015157e-16   1.7715157e-15   1.4185145e-14   1.0269855e-13   6.6888183e-13   3.9386257e-12   2.0979372e-11   1.0044392e-10   4.3622310e-10   1.7100334e-09   6.0905107e-09   1.9569639e-08   5.7076604e-08   1.5098069e-07   3.6041342e-07   7.7728907e-07   1.5191836e-06   2.6808496e-06   4.2475066e-06   6.0851770e-06   7.8651406e-06   9.1834667e-06   8.9206096e-06   9.1834667e-06   7.8651406e-06   6.0851770e-06   4.2475066e-06   2.6808496e-06   1.5191836e-06   7.7728907e-07   3.6041342e-07   1.5098069e-07   5.7076604e-08   1.9569639e-08   6.0905107e-09   1.7100334e-09   4.3622310e-10   1.0044392e-10   2.0979372e-11   3.9386257e-12   6.6888183e-13   1.0269855e-13   1.4185145e-14   1.7715157e-15   2.0015157e-16   2.0370824e-17   0.0000000e+00   0.0000000e+00
   0.0000000e+00   6.0265861e-18   6.5424615e-17   6.4389545e-16   5.7025551e-15   4.5535761e-14   3.2899376e-13   2.1442336e-12   1.2643727e-11   6.7053616e-11   3.2199866e-10   1.3975127e-09   5.4952384e-09   1.9569639e-08   6.3210833e-08   1.8490386e-07   4.9039102e-07   1.1769383e-06   2.5451015e-06   4.9698136e-06   8.7469628e-06   1.3856996e-05   1.9793236e-05   2.5547878e-05   2.9721642e-05   3.1526570e-05   2.9721642e-05   2.5547878e-05   1.9793236e-05   1.3856996e-05   8.7469628e-06   4.9698136e-06   2.5451015e-06   1.1769383e-06   4.9039102e-07   1.8490386e-07   6.3210833e-08   1.9569639e-08   5.4952384e-09   1.3975127e-09   3.2199866e-10   6.7053616e-11   1.2643727e-11   2.1442336e-12   3.2899376e-13   4.5535761e-14   5.7025551e-15   6.4389545e-16   6.5424615e-17   6.0265861e-18   0.0000000e+00
   0.0000000e+00   1.7479709e-17   1.9008723e-16   1.8655300e-15   1.6544978e-14   1.3209102e-13   9.5408975e-13   6.2081210e-12   3.6550986e-11   1.9417902e-10   9.3343114e-10   4.0567475e-09   1.5970636e-08   5.7076604e-08   1.8490386e-07   5.4394332e-07   1.4452951e-06   3.4707215e-06   7.5109341e-06   1.4636931e-05   2.5609552e-05   4.0292889e-05   5.7237666e-05   7.3388411e-05   8.4963638e-05   8.9705810e-05   8.4963638e-05   7.3388411e-05   5.7237666e-05   4.0292889e-05   2.5609552e-05   1.4636931e-05   7.5109341e-06   3.4707215e-06   1.4452951e-06   5.4394332e-07   1.8490386e-07   5.7076604e-08   1.5970636e-08   4.0567475e-09   9.3343114e-10   1.9417902e-10   3.6550986e-11   6.2081210e-12   9.5408975e-13   1.3209102e-13   1.6544978e-14   1.8655300e-15   1.9008723e-16   1.7479709e-17   0.0000000e+00
   3.8178086e-18   4.5843473e-17   4.9810558e-16   4.8856726e-15   4.3283108e-14   3.4654021e-13   2.4946213e-12   1.6254153e-11   9.5599444e-11   5.0743147e-10   2.4463512e-09   1.0674792e-08   4.2047510e-08   1.5098069e-07   4.9039102e-07   1.4452951e-06   3.8466119e-06   9.2352297e-06   1.9907472e-05   3.8451873e-05   6.6740110e-05   1.0371041e-04   1.4556338e-04   1.8500112e-04   2.1315010e-04   2.2653649e-04   2.1315010e-04   1.8500112e-04   1.4556338e-04   1.0371041e-04   6.6740110e-05   3.8451873e-05   1.9907472e-05   9.2352297e-06   3.8466119e-06   1.4452951e-06   4.9039102e-07   1.5098069e-07   4.2047510e-08   1.0674792e-08   2.4463512e-09   5.0743147e-10   9.5599444e-11   1.6254153e-11   2.4946213e-12   3.4654021e-13   4.3283108e-14   4.8856726e-15   4.9810558e-16   4.5843473e-17   3.8178086e-18
   9.0487405e-18   1.0859535e-16   1.1789439e-15   1.1563202e-14   1.0256054e-13   8.1819368e-13   5.9077902e-12   3.8443811e-11   2.2614103e-10   1.2032663e-09   5.7944119e-09   2.5280303e-08   1.0013917e-07   3.6041342e-07   1.1769383e-06   3.4707215e-06   9.2352297e-06   2.2076575e-05   4.7094496e-05   8.9988806e-05   1.5305226e-04   2.3481838e-04   3.2497960e-04   4.0756666e-04   4.6701921e-04   4.9643841e-04   4.6701921e-04   4.0756666e-04   3.2497960e-04   2.3481838e-04   1.5305226e-04   8.9988806e-05   4.7094496e-05   2.2076575e-05   9.2352297e-06   3.4707215e-06   1.1769383e-06   3.6041342e-07   1.0013917e-07   2.5280303e-08   5.7944119e-09   1.2032663e-09   2.2614103e-10   3.8443811e-11   5.9077902e-12   8.1819368e-13   1.0256054e-13   1.1563202e-14   1.1789439e-15   1.0859535e-16   9.0487405e-18
   1.9347864e-17   2.3209665e-16   2.5202973e-15   2.4711832e-14   2.1893179e-13   1.7505605e-12   1.2619790e-11   8.2105959e-11   4.8322128e-10   2.5747595e-09   1.2386175e-08   5.4321843e-08   2.1575380e-07   7.7728907e-07   2.5451015e-06   7.5109341e-06   1.9907472e-05   4.7094496e-05   9.9252665e-05   1.8580661e-04   3.1134677e-04   4.6837574e-04   6.3915340e-04   7.9744337e-04   9.1158808e-04   9.5748653e-04   9.1158808e-04   7.9744337e-04   6.3915340e-04   4.6837574e-04   3.1134677e-04   1.8580661e-04   9.9252665e-05   4.7094496e-05   1.9907472e-05   7.5109341e-06   2.5451015e-06   7.7728907e-07   2.1575380e-07   5.4321843e-08   1.2386175e-08   2.5747595e-09   4.8322128e-10   8.2105959e-11   1.2619790e-11   1.7505605e-12   2.1893179e-13   2.4711832e-14   2.5202973e-15   2.3209665e-16   1.9347864e-17
   3.7421775e-17   4.4913784e-16   4.8638797e-15   4.7705959e-14   4.2281942e-13   3.3795909e-12   2.4402193e-11   1.5910486e-10   9.3425357e-10   4.9814130e-09   2.4009718e-08   1.0544302e-07   4.2044493e-07   1.5191836e-06   4.9698136e-06   1.4636931e-05   3.8451873e-05   8.9988806e-05   1.8580661e-04   3.4140707e-04   5.6061016e-04   8.3420118e-04   1.1402538e-03   1.4298102e-03   1.6444196e-03   1.7409173e-03   1.6444196e-03   1.4298102e-03   1.1402538e-03   8.3420118e-04   5.6061016e-04   3.4140707e-04   1.8580661e-04   8.9988806e-05   3.8451873e-05   1.4636931e-05   4.9698136e-06   1.5191836e-06   4.2044493e-07   1.0544302e-07   2.4009718e-08   4.9814130e-09   9.3425357e-10   1.5910486e-10   2.4402193e-11   3.3795909e-12   4.2281942e-13   4.7705959e-14   4.8638797e-15   4.4913784e-16   3.7421775e-17
   6.5334175e-17   7.8254332e-16   8.4933179e-15   8.3295271e-14   7.3845774e-13   5.9005659e-12   4.2581737e-11   2.7796214e-10   1.6340710e-09   8.7066456e-09   4.2126707e-08   1.8522232e-07   7.3835895e-07   2.6808496e-06   8.7469628e-06   2.5609552e-05   6.6740110e-05   1.5305226e-04   3.1134677e-04   5.6061016e-04   9.1244337e-04   1.3648636e-03   1.9030988e-03   2.4596390e-03   2.9120723e-03   3.1146967e-03   2.9120723e-03   2.4596390e-03   1.9030988e-03   1.3648636e-03   9.1244337e-04   5.6061016e-04   3.1134677e-04   1.5305226e-04   6.6740110e-05   2.5609552e-05   8.7469628e-06   2.6808496e-06   7.3835895e-07   1.8522232e-07   4.2126707e-08   8.7066456e-09   1.6340710e-09   2.7796214e-10   4.2581737e-11   5.9005659e-12   7.3845774e-13   8.3295271e-14   8.4933179e-15   7.8254332e-16   6.5334175e-17
   1.0319602e-16   1.2331081e-15   1.3410777e-14   1.3151138e-13   1.1635707e-12   9.3159689e-12   6.7313067e-11   4.3842430e-10   2.5783551e-09   1.3735398e-08   6.6591712e-08   2.9280495e-07   1.1722377e-06   4.2475066e-06   1.3856996e-05   4.0292889e-05   1.0371041e-04   2.3481838e-04   4.6837574e-04   8.3420118e-04   1.3648636e-03   2.1035287e-03   3.0866780e-03   4.2192231e-03   5.1907590e-03   5.6418510e-03   5.1907590e-03   4.2192231e-03   3.0866780e-03   2.1035287e-03   1.3648636e-03   8.3420118e-04   4.6837574e-04   2.3481838e-04   1.0371041e-04   4.0292889e-05   1.3856996e-05   4.2475066e-06   1.1722377e-06   2.9280495e-07   6.6591712e-08   1.3735398e-08   2.5783551e-09   4.3842430e-10   6.7313067e-11   9.3159689e-12   1.1635707e-12   1.3151138e-13   1.3410777e-14   1.2331081e-15   1.0319602e-16
   1.4669407e-16   1.7612996e-15   1.9091920e-14   1.8733729e-13   1.6602085e-12   1.3276172e-11   9.5849203e-11   6.2510856e-10   3.6785646e-09   1.9596073e-08   9.5173260e-08   4.1942010e-07   1.6805424e-06   6.0851770e-06   1.9793236e-05   5.7237666e-05   1.4556338e-04   3.2497960e-04   6.3915340e-04   1.1402538e-03   1.9030988e-03   3.0866780e-03   4.8301536e-03   7.0521423e-03   9.0777129e-03   1.0050192e-02   9.0777129e-03   7.0521423e-03   4.8301536e-03   3.0866780e-03   1.9030988e-03   1.1402538e-03   6.3915340e-04   3.2497960e-04   1.4556338e-04   5.7237666e-05   1.9793236e-05   6.0851770e-06   1.6805424e-06   4.1942010e-07   9.5173260e-08   1.9596073e-08   3.6785646e-09   6.2510856e-10   9.5849203e-11   1.3276172e-11   1.6602085e-12   1.8733729e-13   1.9091920e-14   1.7612996e-15   1.4669407e-16
   1.8941959e-16   2.2689789e-15   2.4624501e-14   2.4150252e-13   2.1392947e-12   1.7122720e-11   1.2349725e-10   8.0424629e-10   4.7401669e-09   2.5281362e-08   1.2275899e-07   5.4142104e-07   2.1721514e-06   7.8651406e-06   2.5547878e-05   7.3388411e-05   1.8500112e-04   4.0756666e-04   7.9744337e-04   1.4298102e-03   2.4596390e-03   4.2192231e-03   7.0521423e-03   1.0877308e-02   1.4552293e-02   1.6135827e-02   1.4552293e-02   1.0877308e-02   7.0521423e-03   4.2192231e-03   2.4596390e-03   1.4298102e-03   7.9744337e-04   4.0756666e-04   1.8500112e-04   7.3388411e-05   2.5547878e-05   7.8651406e-06   2.1721514e-06   5.4142104e-07   1.2275899e-07   2.5281362e-08   4.7401669e-09   8.0424629e-10   1.2349725e-10   1.7122720e-11   2.1392947e-12   2.4150252e-13   2.4624501e-14   2.2689789e-15   1.8941959e-16
   2.2067113e-16   2.6442722e-15   2.8678534e-14   2.8128813e-13   2.4911696e-12   1.9913924e-11   1.4389312e-10   9.3719634e-10   5.5151602e-09   2.9474453e-08   1.4302464e-07   6.3218553e-07   2.5327904e-06   9.1834667e-06   2.9721642e-05   8.4963638e-05   2.1315010e-04   4.6701921e-04   9.1158808e-04   1.6444196e-03   2.9120723e-03   5.1907590e-03   9.0777129e-03   1.4552293e-02   1.9939193e-02   2.2076449e-02   1.9939193e-02   1.4552293e-02   9.0777129e-03   5.1907590e-03   2.9120723e-03   1.6444196e-03   9.1158808e-04   4.6701921e-04   2.1315010e-04   8.4963638e-05   2.9721642e-05   9.1834667e-06   2.5327904e-06   6.3218553e-07   1.4302464e-07   2.9474453e-08   5.5151602e-09   9.3719634e-10   1.4389312e-10   1.9913924e-11   2.4911696e-12   2.8128813e-13   2.8678534e-14   2.6442722e-15   2.2067113e-16
   2.3119574e-16   2.8158063e-15   3.0289493e-14   2.9798758e-13   2.6298672e-12   2.1019376e-11   1.5227263e-10   9.8878063e-10   5.8536291e-09   3.1217507e-08   1.4921881e-07   6.9543192e-07   2.8341537e-06   8.9206096e-06   3.1526570e-05   8.9705810e-05   2.2653649e-04   4.9643841e-04   9.5748653e-04   1.7409173e-03   3.1146967e-03   5.6418510e-03   1.0050192e-02   1.6135827e-02   2.2076449e-02   9.1517062e-02   2.2076449e-02   1.6135827e-02   1.0050192e-02   5.6418510e-03   3.1146967e-03   1.7409173e-03   9.5748653e-04   4.9643841e-04   2.2653649e-04   8.9705810e-05   3.1526570e-05   8.9206096e-06   2.8341537e-06   6.9543192e-07   1.4921881e-07   3.1217507e-08   5.8536291e-09   9.8878063e-10   1.5227263e-10   2.1019376e-11   2.6298672e-12   2.9798758e-13   3.0289493e-14   2.8158063e-15   2.3119574e-16
   2.2067113e-16   2.6442722e-15   2.8678534e-14   2.8128813e-13   2.4911696e-12   1.9913924e-11   1.4389312e-10   9.3719634e-10   5.5151602e-09   2.9474453e-08   1.4302464e-07   6.3218553e-07   2.5327904e-06   9.1834667e-06   2.9721642e-05   8.4963638e-05   2.1315010e-04   4.6701921e-04   9.1158808e-04   1.6444196e-03   2.9120723e-03   5.1907590e-03   9.0777129e-03   1.4552293e-02   1.9939193e-02   2.2076449e-02   1.9939193e-02   1.4552293e-02   9.0777129e-03   5.1907590e-03   2.9120723e-03   1.6444196e-03   9.1158808e-04   4.6701921e-04   2.1315010e-04   8.4963638e-05   2.9721642e-05   9.1834667e-06   2.5327904e-06   6.3218553e-07   1.4302464e-07   2.9474453e-08   5.5151602e-09   9.3719634e-10   1.4389312e-10   1.9913924e-11   2.4911696e-12   2.8128813e-13   2.8678534e-14   2.6442722e-15   2.2067113e-16
   1.8941959e-16   2.2689789e-15   2.4624501e-14   2.4150252e-13   2.1392947e-12   1.7122720e-11   1.2349725e-10   8.0424629e-10   4.7401669e-09   2.5281362e-08   1.2275899e-07   5.4142104e-07   2.1721514e-06   7.8651406e-06   2.5547878e-05   7.3388411e-05   1.8500112e-04   4.0756666e-04   7.9744337e-04   1.4298102e-03   2.4596390e-03   4.2192231e-03   7.0521423e-03   1.0877308e-02   1.4552293e-02   1.6135827e-02   1.4552293e-02   1.0877308e-02   7.0521423e-03   4.2192231e-03   2.4596390e-03   1.4298102e-03   7.9744337e-04   4.0756666e-04   1.8500112e-04   7.3388411e-05   2.5547878e-05   7.8651406e-06   2.1721514e-06   5.4142104e-07   1.2275899e-07   2.5281362e-08   4.7401669e-09   8.0424629e-10   1.2349725e-10   1.7122720e-11   2.1392947e-12   2.4150252e-13   2.4624501e-14   2.2689789e-15   1.8941959e-16
   1.4669407e-16   1.7612996e-15   1.9091920e-14   1.8733729e-13   1.6602085e-12   1.3276172e-11   9.5849203e-11   6.2510856e-10   3.6785646e-09   1.9596073e-08   9.5173260e-08   4.1942010e-07   1.6805424e-06   6.0851770e-06   1.9793236e-05   5.7237666e-05   1.4556338e-04   3.2497960e-04   6.3915340e-04   1.1402538e-03   1.9030988e-03   3.0866780e-03   4.8301536e-03   7.0521423e-03   9.0777129e-03   1.0050192e-02   9.0777129e-03   7.0521423e-03   4.8301536e-03   3.0866780e-03   1.9030988e-03   1.1402538e-03   6.3915340e-04   3.2497960e-04   1.4556338e-04   5.7237666e-05   1.9793236e-05   6.0851770e-06   1.6805424e-06   4.1942010e-07   9.5173260e-08   1.9596073e-08   3.6785646e-09   6.2510856e-10   9.5849203e-11   1.3276172e-11   1.6602085e-12   1.8733729e-13   1.9091920e-14   1.7612996e-15   1.4669407e-16
   1.0319602e-16   1.2331081e-15   1.3410777e-14   1.3151138e-13   1.1635707e-12   9.3159689e-12   6.7313067e-11   4.3842430e-10   2.5783551e-09   1.3735398e-08   6.6591712e-08   2.9280495e-07   1.1722377e-06   4.2475066e-06   1.3856996e-05   4.0292889e-05   1.0371041e-04   2.3481838e-04   4.6837574e-04   8.3420118e-04   1.3648636e-03   2.1035287e-03   3.0866780e-03   4.2192231e-03   5.1907590e-03   5.6418510e-03   5.1907590e-03   4.2192231e-03   3.0866780e-03   2.1035287e-03   1.3648636e-03   8.3420118e-04   4.6837574e-04   2.3481838e-04   1.0371041e-04   4.0292889e-05   1.3856996e-05   4.2475066e-06   1.1722377e-06   2.9280495e-07   6.6591712e-08   1.3735398e-08   2.5783551e-09   4.3842430e-10   6.7313067e-11   9.3159689e-12   1.1635707e-12   1.3151138e-13   1.3410777e-14   1.2331081e-15   1.0319602e-16
   6.5334175e-17   7.8254332e-16   8.4933179e-15   8.3295271e-14   7.3845774e-13   5.9005659e-12   4.2581737e-11   2.7796214e-10   1.6340710e-09   8.7066456e-09   4.2126707e-08   1.8522232e-07   7.3835895e-07   2.6808496e-06   8.7469628e-06   2.5609552e-05   6.6740110e-05   1.5305226e-04   3.1134677e-04   5.6061016e-04   9.1244337e-04   1.3648636e-03   1.9030988e-03   2.4596390e-03   2.9120723e-03   3.1146967e-03   2.9120723e-03   2.4596390e-03   1.9030988e-03   1.3648636e-03   9.1244337e-04   5.6061016e-04   3.1134677e-04   1.5305226e-04   6.6740110e-05   2.5609552e-05   8.7469628e-06   2.6808496e-06   7.3835895e-07   1.8522232e-07   4.2126707e-08   8.7066456e-09   1.6340710e-09   2.7796214e-10   4.2581737e-11   5.9005659e-12   7.3845774e-13   8.3295271e-14   8.4933179e-15   7.8254332e-16   6.5334175e-17
   3.7421775e-17   4.4913784e-16   4.8638797e-15   4.7705959e-14   4.2281942e-13   3.3795909e-12   2.4402193e-11   1.5910486e-10   9.3425357e-10   4.9814130e-09   2.4009718e-08   1.0544302e-07   4.2044493e-07   1.5191836e-06   4.9698136e-06   1.4636931e-05   3.8451873e-05   8.9988806e-05   1.8580661e-04   3.4140707e-04   5.6061016e-04   8.3420118e-04   1.1402538e-03   1.4298102e-03   1.6444196e-03   1.7409173e-03   1.6444196e-03   1.4298102e-03   1.1402538e-03   8.3420118e-04   5.6061016e-04   3.4140707e-04   1.8580661e-04   8.9988806e-05   3.8451873e-05   1.4636931e-05   4.9698136e-06   1.5191836e-06   4.2044493e-07   1.0544302e-07   2.4009718e-08   4.9814130e-09   9.3425357e-10   1.5910486e-10   2.4402193e-11   3.3795909e-12   4.2281942e-13   4.7705959e-14   4.8638797e-15   4.4913784e-16   3.7421775e-17
   1.9347864e-17   2.3209665e-16   2.5202973e-15   2.4711832e-14   2.1893179e-13   1.7505605e-12   1.2619790e-11   8.2105959e-11   4.8322128e-10   2.5747595e-09   1.2386175e-08   5.4321843e-08   2.1575380e-07   7.7728907e-07   2.5451015e-06   7.5109341e-06   1.9907472e-05   4.7094496e-05   9.9252665e-05   1.8580661e-04   3.1134677e-04   4.6837574e-04   6.3915340e-04   7.9744337e-04   9.1158808e-04   9.5748653e-04   9.1158808e-04   7.9744337e-04   6.3915340e-04   4.6837574e-04   3.1134677e-04   1.8580661e-04   9.9252665e-05   4.7094496e-05   1.9907472e-05   7.5109341e-06   2.5451015e-06   7.7728907e-07   2.1575380e-07   5.4321843e-08   1.2386175e-08   2.5747595e-09   4.8322128e-10   8.2105959e-11   1.2619790e-11   1.7505605e-12   2.1893179e-13   2.4711832e-14   2.5202973e-15   2.3209665e-16   1.9347864e-17
   9.0487405e-18   1.0859535e-16   1.1789439e-15   1.1563202e-14   1.0256054e-13   8.1819368e-13   5.9077902e-12   3.8443811e-11   2.2614103e-10   1.2032663e-09   5.7944119e-09   2.5280303e-08   1.0013917e-07   3.6041342e-07   1.1769383e-06   3.4707215e-06   9.2352297e-06   2.2076575e-05   4.7094496e-05   8.9988806e-05   1.5305226e-04   2.3481838e-04   3.2497960e-04   4.0756666e-04   4.6701921e-04   4.9643841e-04   4.6701921e-04   4.0756666e-04   3.2497960e-04   2.3481838e-04   1.5305226e-04   8.9988806e-05   4.7094496e-05   2.2076575e-05   9.2352297e-06   3.4707215e-06   1.1769383e-06   3.6041342e-07   1.0013917e-07   2.5280303e-08   5.7944119e-09   1.2032663e-09   2.2614103e-10   3.8443811e-11   5.9077902e-12   8.1819368e-13   1.0256054e-13   1.1563202e-14   1.1789439e-15   1.0859535e-16   9.0487405e-18
   3.8178086e-18   4.5843473e-17   4.9810558e-16   4.8856726e-15   4.3283108e-14   3.4654021e-13   2.4946213e-12   1.6254153e-11   9.5599444e-11   5.0743147e-10   2.4463512e-09   1.0674792e-08   4.2047510e-08   1.5098069e-07   4.9039102e-07   1.4452951e-06   3.8466119e-06   9.2352297e-06   1.9907472e-05   3.8451873e-05   6.6740110e-05   1.0371041e-04   1.4556338e-04   1.8500112e-04   2.1315010e-04   2.2653649e-04   2.1315010e-04   1.8500112e-04   1.4556338e-04   1.0371041e-04   6.6740110e-05   3.8451873e-05   1.9907472e-05   9.2352297e-06   3.8466119e-06   1.4452951e-06   4.9039102e-07   1.5098069e-07   4.2047510e-08   1.0674792e-08   2.4463512e-09   5.0743147e-10   9.5599444e-11   1.6254153e-11   2.4946213e-12   3.4654021e-13   4.3283108e-14   4.8856726e-15   4.9810558e-16   4.5843473e-17   3.8178086e-18
   0.0000000e+00   1.7479709e-17   1.9008723e-16   1.8655300e-15   1.6544978e-14   1.3209102e-13   9.5408975e-13   6.2081210e-12   3.6550986e-11   1.9417902e-10   9.3343114e-10   4.0567475e-09   1.5970636e-08   5.7076604e-08   1.8490386e-07   5.4394332e-07   1.4452951e-06   3.4707215e-06   7.5109341e-06   1.4636931e-05   2.5609552e-05   4.0292889e-05   5.7237666e-05   7.3388411e-05   8.4963638e-05   8.9705810e-05   8.4963638e-05   7.3388411e-05   5.7237666e-05   4.0292889e-05   2.5609552e-05   1.4636931e-05   7.5109341e-06   3.4707215e-06   1.4452951e-06   5.4394332e-07   1.8490386e-07   5.7076604e-08   1.5970636e-08   4.0567475e-09   9.3343114e-10   1.9417902e-10   3.6550986e-11   6.2081210e-12   9.5408975e-13   1.3209102e-13   1.6544978e-14   1.8655300e-15   1.9008723e-16   1.7479709e-17   0.0000000e+00
   0.0000000e+00   6.0265861e-18   6.5424615e-17   6.4389545e-16   5.7025551e-15   4.5535761e-14   3.2899376e-13   2.1442336e-12   1.2643727e-11   6.7053616e-11   3.2199866e-10   1.3975127e-09   5.4952384e-09   1.9569639e-08   6.3210833e-08   1.8490386e-07   4.9039102e-07   1.1769383e-06   2.5451015e-06   4.9698136e-06   8.7469628e-06   1.3856996e-05   1.9793236e-05   2.5547878e-05   2.9721642e-05   3.1526570e-05   2.9721642e-05   2.5547878e-05   1.9793236e-05   1.3856996e-05   8.7469628e-06   4.9698136e-06   2.5451015e-06   1.1769383e-06   4.9039102e-07   1.8490386e-07   6.3210833e-08   1.9569639e-08   5.4952384e-09   1.3975127e-09   3.2199866e-10   6.7053616e-11   1.2643727e-11   2.1442336e-12   3.2899376e-13   4.5535761e-14   5.7025551e-15   6.4389545e-16   6.5424615e-17   6.0265861e-18   0.0000000e+00
   0.0000000e+00   0.0000000e+00   2.0370824e-17   2.0015157e-16   1.7715157e-15   1.4185145e-14   1.0269855e-13   6.6888183e-13   3.9386257e-12   2.0979372e-11   1.0044392e-10   4.3622310e-10   1.7100334e-09   6.0905107e-09   1.9569639e-08   5.7076604e-08   1.5098069e-07   3.6041342e-07   7.7728907e-07   1.5191836e-06   2.6808496e-06   4.2475066e-06   6.0851770e-06   7.8651406e-06   9.1834667e-06   8.9206096e-06   9.1834667e-06   7.8651406e-06   6.0851770e-06   4.2475066e-06   2.6808496e-06   1.5191836e-06   7.7728907e-07   3.6041342e-07   1.5098069e-07   5.7076604e-08   1.9569639e-08   6.0905107e-09   1.7100334e-09   4.3622310e-10   1.0044392e-10   2.0979372e-11   3.9386257e-12   6.6888183e-13   1.0269855e-13   1.4185145e-14   1.7715157e-15   2.0015157e-16   2.0370824e-17   0.0000000e+00   0.0000000e+00
   0.0000000e+00   0.0000000e+00   5.7302973e-18   5.6234159e-17   4.9934017e-16   3.9886507e-15   2.8860450e-14   1.8807206e-13   1.1104660e-12   5.9079518e-12   2.8327705e-11   1.2292377e-10   4.8158909e-10   1.7100334e-09   5.4952384e-09   1.5970636e-08   4.2047510e-08   1.0013917e-07   2.1575380e-07   4.2044493e-07   7.3835895e-07   1.1722377e-06   1.6805424e-06   2.1721514e-06   2.5327904e-06   2.8341537e-06   2.5327904e-06   2.1721514e-06   1.6805424e-06   1.1722377e-06   7.3835895e-07   4.2044493e-07   2.1575380e-07   1.0013917e-07   4.2047510e-08   1.5970636e-08   5.4952384e-09   1.7100334e-09   4.8158909e-10   1.2292377e-10   2.8327705e-11   5.9079518e-12   1.1104660e-12   1.8807206e-13   2.8860450e-14   3.9886507e-15   4.9934017e-16   5.6234159e-17   5.7302973e-18   0.0000000e+00   0.0000000e+00
   0.0000000e+00   0.0000000e+00   0.0000000e+00   1.4292225e-17   1.2663658e-16   1.0143792e-15   7.3332277e-15   4.7914091e-14   2.8281705e-13   1.5058034e-12   7.2221717e-12   3.1337609e-11   1.2292377e-10   4.3622310e-10   1.3975127e-09   4.0567475e-09   1.0674792e-08   2.5280303e-08   5.4321843e-08   1.0544302e-07   1.8522232e-07   2.9280495e-07   4.1942010e-07   5.4142104e-07   6.3218553e-07   6.9543192e-07   6.3218553e-07   5.4142104e-07   4.1942010e-07   2.9280495e-07   1.8522232e-07   1.0544302e-07   5.4321843e-08   2.5280303e-08   1.0674792e-08   4.0567475e-09   1.3975127e-09   4.3622310e-10   1.2292377e-10   3.1337609e-11   7.2221717e-12   1.5058034e-12   2.8281705e-13   4.7914091e-14   7.3332277e-15   1.0143792e-15   1.2663658e-16   1.4292225e-17   0.0000000e+00   0.0000000e+00   0.0000000e+00
   0.0000000e+00   0.0000000e+00   0.0000000e+00   3.2812646e-18   2.9043433e-17   2.3273769e-16   1.6812930e-15   1.0999207e-14   6.4939307e-14   3.4626981e-13   1.6656298e-12   7.2221717e-12   2.8327705e-11   1.0044392e-10   3.2199866e-10   9.3343114e-10   2.4463512e-09   5.7944119e-09   1.2386175e-08   2.4009718e-08   4.2126707e-08   6.6591712e-08   9.5173260e-08   1.2275899e-07   1.4302464e-07   1.4921881e-07   1.4302464e-07   1.2275899e-07   9.5173260e-08   6.6591712e-08   4.2126707e-08   2.4009718e-08   1.2386175e-08   5.7944119e-09   2.4463512e-09   9.3343114e-10   3.2199866e-10   1.0044392e-10   2.8327705e-11   7.2221717e-12   1.6656298e-12   3.4626981e-13   6.4939307e-14   1.0999207e-14   1.6812930e-15   2.3273769e-16   2.9043433e-17   3.2812646e-18   0.0000000e+00   0.0000000e+00   0.0000000e+00
   0.0000000e+00   0.0000000e+00   0.0000000e+00   0.0000000e+00   6.0303453e-18   4.8251790e-17   3.4934525e-16   2.2855107e-15   1.3490987e-14   7.1905469e-14   3.4626981e-13   1.5058034e-12   5.9079518e-12   2.0979372e-11   6.7053616e-11   1.9417902e-10   5.0743147e-10   1.2032663e-09   2.5747595e-09   4.9814130e-09   8.7066456e-09   1.3735398e-08   1.9596073e-08   2.5281362e-08   2.9474453e-08   3.1217507e-08   2.9474453e-08   2.5281362e-08   1.9596073e-08   1.3735398e-08   8.7066456e-09   4.9814130e-09   2.5747595e-09   1.2032663e-09   5.0743147e-10   1.9417902e-10   6.7053616e-11   2.0979372e-11   5.9079518e-12   1.5058034e-12   3.4626981e-13   7.1905469e-14   1.3490987e-14   2.2855107e-15   3.4934525e-16   4.8251790e-17   6.0303453e-18   0.0000000e+00   0.0000000e+00   0.0000000e+00   0.0000000e+00
   0.0000000e+00   0.0000000e+00   0.0000000e+00   0.0000000e+00   0.0000000e+00   9.0526164e-18   6.5487255e-17   4.2772658e-16   2.5330384e-15   1.3490987e-14   6.4939307e-14   2.8281705e-13   1.1104660e-12   3.9386257e-12   1.2643727e-11   3.6550986e-11   9.5599444e-11   2.2614103e-10   4.8322128e-10   9.3425357e-10   1.6340710e-09   2.5783551e-09   3.6785646e-09   4.7401669e-09   5.5151602e-09   5.8536291e-09   5.5151602e-09   4.7401669e-09   3.6785646e-09   2.5783551e-09   1.6340710e-09   9.3425357e-10   4.8322128e-10   2.2614103e-10   9.5599444e-11   3.6550986e-11   1.2643727e-11   3.9386257e-12   1.1104660e-12   2.8281705e-13   6.4939307e-14   1.3490987e-14   2.5330384e-15   4.2772658e-16   6.5487255e-17   9.0526164e-18   0.0000000e+00   0.0000000e+00   0.0000000e+00   0.0000000e+00   0.0000000e+00
   0.0000000e+00   0.0000000e+00   0.0000000e+00   0.0000000e+00   0.0000000e+00   0.0000000e+00   1.1103418e-17   7.2487444e-17   4.2772658e-16   2.2855107e-15   1.0999207e-14   4.7914091e-14   1.8807206e-13   6.6888183e-13   2.1442336e-12   6.2081210e-12   1.6254153e-11   3.8443811e-11   8.2105959e-11   1.5910486e-10   2.7796214e-10   4.3842430e-10   6.2510856e-10   8.0424629e-10   9.3719634e-10   9.8878063e-10   9.3719634e-10   8.0424629e-10   6.2510856e-10   4.3842430e-10   2.7796214e-10   1.5910486e-10   8.2105959e-11   3.8443811e-11   1.6254153e-11   6.2081210e-12   2.1442336e-12   6.6888183e-13   1.8807206e-13   4.7914091e-14   1.0999207e-14   2.2855107e-15   4.2772658e-16   7.2487444e-17   1.1103418e-17   0.0000000e+00   0.0000000e+00   0.0000000e+00   0.0000000e+00   0.0000000e+00   0.0000000e+00
   0.0000000e+00   0.0000000e+00   0.0000000e+00   0.0000000e+00   0.0000000e+00   0.0000000e+00   0.0000000e+00   1.1103418e-17   6.5487255e-17   3.4934525e-16   1.6812930e-15   7.3332277e-15   2.8860450e-14   1.0269855e-13   3.2899376e-13   9.5408975e-13   2.4946213e-12   5.9077902e-12   1.2619790e-11   2.4402193e-11   4.2581737e-11   6.7313067e-11   9.5849203e-11   1.2349725e-10   1.4389312e-10   1.5227263e-10   1.4389312e-10   1.2349725e-10   9.5849203e-11   6.7313067e-11   4.2581737e-11   2.4402193e-11   1.2619790e-11   5.9077902e-12   2.4946213e-12   9.5408975e-13   3.2899376e-13   1.0269855e-13   2.8860450e-14   7.3332277e-15   1.6812930e-15   3.4934525e-16   6.5487255e-17   1.1103418e-17   0.0000000e+00   0.0000000e+00   0.0000000e+00   0.0000000e+00   0.0000000e+00   0.0000000e+00   0.0000000e+00
   0.0000000e+00   0.0000000e+00   0.0000000e+00   0.0000000e+00   0.0000000e+00   0.0000000e+00   0.0000000e+00   0.0000000e+00   9.0526164e-18   4.8251790e-17   2.3273769e-16   1.0143792e-15   3.9886507e-15   1.4185145e-14   4.5535761e-14   1.3209102e-13   3.4654021e-13   8.1819368e-13   1.7505605e-12   3.3795909e-12   5.9005659e-12   9.3159689e-12   1.3276172e-11   1.7122720e-11   1.9913924e-11   2.1019376e-11   1.9913924e-11   1.7122720e-11   1.3276172e-11   9.3159689e-12   5.9005659e-12   3.3795909e-12   1.7505605e-12   8.1819368e-13   3.4654021e-13   1.3209102e-13   4.5535761e-14   1.4185145e-14   3.9886507e-15   1.0143792e-15   2.3273769e-16   4.8251790e-17   9.0526164e-18   0.0000000e+00   0.0000000e+00   0.0000000e+00   0.0000000e+00   0.0000000e+00   0.0000000e+00   0.0000000e+00   0.0000000e+00
   0.0000000e+00   0.0000000e+00   0.0000000e+00   0.0000000e+00   0.0000000e+00   0.0000000e+00   0.0000000e+00   0.0000000e+00   0.0000000e+00   6.0303453e-18   2.9043433e-17   1.2663658e-16   4.9934017e-16   1.7715157e-15   5.7025551e-15   1.6544978e-14   4.3283108e-14   1.0256054e-13   2.1893179e-13   4.2281942e-13   7.3845774e-13   1.1635707e-12   1.6602085e-12   2.1392947e-12   2.4911696e-12   2.6298672e-12   2.4911696e-12   2.1392947e-12   1.6602085e-12   1.1635707e-12   7.3845774e-13   4.2281942e-13   2.1893179e-13   1.0256054e-13   4.3283108e-14   1.6544978e-14   5.7025551e-15   1.7715157e-15   4.9934017e-16   1.2663658e-16   2.9043433e-17   6.0303453e-18   0.0000000e+00   0.0000000e+00   0.0000000e+00   0.0000000e+00   0.0000000e+00   0.0000000e+00   0.0000000e+00   0.0000000e+00   0.0000000e+00
   0.0000000e+00   0.0000000e+00   0.0000000e+00   0.0000000e+00   0.0000000e+00   0.0000000e+00   0.0000000e+00   0.0000000e+00   0.0000000e+00   0.0000000e+00   3.2812646e-18   1.4292225e-17   5.6234159e-17   2.0015157e-16   6.4389545e-16   1.8655300e-15   4.8856726e-15   1.1563202e-14   2.4711832e-14   4.7705959e-14   8.3295271e-14   1.3151138e-13   1.8733729e-13   2.4150252e-13   2.8128813e-13   2.9798758e-13   2.8128813e-13   2.4150252e-13   1.8733729e-13   1.3151138e-13   8.3295271e-14   4.7705959e-14   2.4711832e-14   1.1563202e-14   4.8856726e-15   1.8655300e-15   6.4389545e-16   2.0015157e-16   5.6234159e-17   1.4292225e-17   3.2812646e-18   0.0000000e+00   0.0000000e+00   0.0000000e+00   0.0000000e+00   0.0000000e+00   0.0000000e+00   0.0000000e+00   0.0000000e+00   0.0000000e+00   0.0000000e+00
